-3.050000000000000000e+01 -5.000000000000000000e-01
-3.150000000000000000e+01 -3.500000000000000000e+00
-3.250000000000000000e+01 -6.500000000000000000e+00
-3.350000000000000000e+01 -8.500000000000000000e+00
-3.350000000000000000e+01 -1.150000000000000000e+01
-3.350000000000000000e+01 -1.350000000000000000e+01
-3.250000000000000000e+01 -1.650000000000000000e+01
-3.150000000000000000e+01 -1.950000000000000000e+01
-3.050000000000000000e+01 -2.250000000000000000e+01
-2.850000000000000000e+01 -2.550000000000000000e+01
-2.650000000000000000e+01 -2.850000000000000000e+01
-2.550000000000000000e+01 -3.050000000000000000e+01
-2.350000000000000000e+01 -3.150000000000000000e+01
-2.250000000000000000e+01 -3.350000000000000000e+01
-2.050000000000000000e+01 -3.450000000000000000e+01
-1.950000000000000000e+01 -3.550000000000000000e+01
-1.750000000000000000e+01 -3.650000000000000000e+01
-1.550000000000000000e+01 -3.950000000000000000e+01
-1.050000000000000000e+01 -4.050000000000000000e+01
-6.500000000000000000e+00 -4.150000000000000000e+01
-2.500000000000000000e+00 -4.250000000000000000e+01
5.000000000000000000e-01 -4.250000000000000000e+01
3.500000000000000000e+00 -4.250000000000000000e+01
8.500000000000000000e+00 -4.250000000000000000e+01
1.450000000000000000e+01 -4.250000000000000000e+01
1.950000000000000000e+01 -4.250000000000000000e+01
2.450000000000000000e+01 -4.250000000000000000e+01
2.750000000000000000e+01 -4.250000000000000000e+01
3.150000000000000000e+01 -4.350000000000000000e+01
3.450000000000000000e+01 -4.250000000000000000e+01
3.950000000000000000e+01 -4.350000000000000000e+01
4.250000000000000000e+01 -4.250000000000000000e+01
4.650000000000000000e+01 -4.350000000000000000e+01
5.050000000000000000e+01 -4.350000000000000000e+01
5.550000000000000000e+01 -4.350000000000000000e+01
6.150000000000000000e+01 -4.350000000000000000e+01
6.550000000000000000e+01 -4.250000000000000000e+01
6.950000000000000000e+01 -4.250000000000000000e+01
7.250000000000000000e+01 -4.150000000000000000e+01
7.550000000000000000e+01 -4.050000000000000000e+01
7.950000000000000000e+01 -4.050000000000000000e+01
8.250000000000000000e+01 -3.950000000000000000e+01
8.250000000000000000e+01 -3.850000000000000000e+01
8.350000000000000000e+01 -3.650000000000000000e+01
8.350000000000000000e+01 -3.450000000000000000e+01
8.250000000000000000e+01 -3.350000000000000000e+01
8.350000000000000000e+01 -3.050000000000000000e+01
8.450000000000000000e+01 -2.950000000000000000e+01
8.450000000000000000e+01 -2.950000000000000000e+01
8.350000000000000000e+01 -2.850000000000000000e+01
8.350000000000000000e+01 -2.650000000000000000e+01
8.350000000000000000e+01 -2.450000000000000000e+01
