1.000000000000000000e+00 1.000000000000000000e+00 1.000000000000000000e+00 1.000000000000000000e+00
1.855544680366020237e-03 3.735965048005665794e-03 1.000001351468870148e+00 1.000001066580222364e+00
3.769200110187643192e-03 1.175479957762908152e-02 1.000003649385371673e+00 1.000006020827095332e+00
6.216295665518069627e-03 2.500821682795241821e-02 1.000004687497891398e+00 1.000007057195742899e+00
8.594609077843371088e-04 9.658530277481073298e-04 4.934344046266182782e-02 5.366515371947649937e-01
1.420613425818914675e-03 1.659837954746501854e-03 4.934499723455603587e-02 5.366535589655894167e-01
2.208447426422314227e-03 2.770381726369748349e-03 4.935146709195403075e-02 5.366567931650170209e-01
3.152522185663493310e-03 4.031902485527143198e-03 4.935544517528376446e-02 5.366609937955025833e-01
8.102089649642521454e-04 8.507039410983059094e-04 1.763333449884594076e-02 2.358565448482065063e-01
1.216678033582190097e-03 1.358426206895533075e-03 1.763820870979871183e-02 2.358575539633256113e-01
1.719024653793448185e-03 1.862350091040240480e-03 1.763980685999594691e-02 2.358594911763265134e-01
2.231961721950204234e-03 2.934170481714797659e-03 1.764424814927666868e-02 2.358605303060874181e-01
7.334264360347832797e-04 7.814181375302959405e-04 1.002312573519584596e-02 1.353456713378011489e-01
9.632616383302457360e-04 1.119279318662700978e-03 1.002424069264916916e-02 1.353468315374073694e-01
1.513968744925074618e-03 1.428539175707682933e-03 1.002526239619549141e-02 1.353479973898518984e-01
1.815306694728971004e-03 1.828987816712486936e-03 1.002809230813473014e-02 1.353491527065390776e-01
6.886854444371952409e-04 6.939184078238720774e-04 6.570141973808726193e-03 9.794708233757344618e-02
9.245675643045242779e-04 9.776786551282702631e-04 6.571821752055049572e-03 9.794817613451795024e-02
1.210820033914476518e-03 1.343993036384806116e-03 6.573166507020217555e-03 9.794923721624758384e-02
1.506510673390998745e-03 1.699252959045737628e-03 6.574360262314921100e-03 9.795241449732237926e-02
6.342154891821722394e-04 6.708580195227201171e-04 4.729336317033362887e-03 7.544847644909639939e-02
7.875560555732217171e-04 8.905179142779641671e-04 4.732011900670038060e-03 7.544971546368481330e-02
9.659490869545560949e-04 1.177980224471977160e-03 4.734157605500340961e-03 7.545189598818639876e-02
1.327144088988826878e-03 1.564092592572148468e-03 4.735158621936874125e-03 7.545303816434921484e-02
6.221719040967257919e-04 6.477515162629641403e-04 3.585685612409747827e-03 6.230295297792366738e-02
8.537389410331664742e-04 8.345511210657800133e-04 3.587011839376361144e-03 6.230419634842419840e-02
1.145641328195045770e-03 1.815561355007784495e-03 3.588636866437463092e-03 6.230519689312308262e-02
1.369888670911457128e-03 2.160135417213879423e-03 3.589641499255403264e-03 6.230763450737734910e-02
6.182943513395369175e-04 7.044927975841271377e-04 2.974926171298582223e-03 5.099221129360141658e-02
9.484514696751092464e-04 1.398122112015994477e-03 2.976291124699792859e-03 5.099323549586333437e-02
1.169278369998031936e-03 1.915586949125735409e-03 2.977650098586803306e-03 5.099834066047746056e-02
1.389249333848339117e-03 2.157166153134228246e-03 2.979448501607557132e-03 5.099953260435343555e-02
6.195920306212028116e-04 7.018545446056369741e-04 2.637216080096729115e-03 4.168424749706326621e-02
8.947735990899809318e-04 8.459022353436493466e-04 2.641025651586026857e-03 4.168733408610704461e-02
1.077629496063599790e-03 1.045991246129202544e-03 2.642132260144457352e-03 4.168920707866970859e-02
1.281498870396222817e-03 1.550588129139229355e-03 2.643133267281521336e-03 4.169346507810955949e-02
6.064638099652519976e-04 6.406231622232351659e-04 2.349557431063895897e-03 3.409243782030953879e-02
1.020051810632843087e-03 8.830648360355334734e-04 2.351055847538393966e-03 3.409366215714399601e-02
1.208671475179264564e-03 1.113230280184025495e-03 2.352267238257864292e-03 3.409789119249584388e-02
1.413662385697827834e-03 1.295184230777656322e-03 2.353540675716585002e-03 3.409897918086133434e-02
6.310923002007710154e-04 7.016887218182223888e-04 2.105880184014822555e-03 2.904535817719066174e-02
8.232969259638968666e-04 8.431193905023349252e-04 2.106885060776359387e-03 2.904764916723481805e-02
1.012258015901576751e-03 1.127025215015327406e-03 2.107918358304610232e-03 2.904928441119707452e-02
1.183584130356504565e-03 1.339072571750832405e-03 2.111362903170058581e-03 2.905039373763750044e-02
6.737879093141919962e-04 6.182298453891008246e-04 1.866918713024224696e-03 2.646528725511782670e-02
8.024920108009674612e-04 7.626126456568104285e-04 1.868009021714974772e-03 2.646691729813026653e-02
9.498573257474725307e-04 9.833459394395314274e-04 1.871949084722969231e-03 2.646795624663690269e-02
1.121374335762766617e-03 1.216523159052205821e-03 1.873261694058791973e-03 2.647002095363554242e-02
5.983693096136137894e-04 5.801490813664032711e-04 1.649157866572488300e-03 2.496328691349731024e-02
7.267964518711783183e-04 7.760967531358696318e-04 1.650301609308846068e-03 2.496495959261006009e-02
9.211845483619559086e-04 9.520277586633959241e-04 1.653196160088865781e-03 2.496658220004353140e-02
1.069454087560964620e-03 1.096265172921266412e-03 1.654258890556559950e-03 2.496820691555171057e-02
5.492025970360856543e-04 5.549647788159458922e-04 1.462554771725103984e-03 2.370756136501728228e-02
6.737729517780265088e-04 7.025445101323777881e-04 1.466007316559992486e-03 2.370860995310247396e-02
1.190027772635353885e-03 8.465789534392881982e-04 1.470186845778155690e-03 2.370962266212447295e-02
1.379249635984463370e-03 1.110341074668761341e-03 1.473010985185283471e-03 2.371065023997774926e-02
6.379924606701788559e-04 5.553947070235275762e-04 1.321631485970198522e-03 2.248851488199907905e-02
1.044490966066575826e-03 6.755076335640117962e-04 1.325299727346467829e-03 2.249103297999526310e-02
1.240277853582642635e-03 8.997542155702311587e-04 1.326325716908114414e-03 2.249204036472500501e-02
1.550869667037894613e-03 1.032494569361015052e-03 1.331370242429340397e-03 2.249484888779462385e-02
6.564938487687924096e-04 5.364318588229580360e-04 1.210606044659307424e-03 2.161008948139158531e-02
9.270653094833587824e-04 6.854486600807058747e-04 1.211606357045886618e-03 2.161126401697351790e-02
1.468946102828548464e-03 8.136615226541300729e-04 1.214274119775741404e-03 2.161227782265637970e-02
1.729929164975817354e-03 1.072148704844417622e-03 1.216583866941651094e-03 2.161329762853519618e-02
6.534287744300434821e-04 5.464176566461408872e-04 1.121756651699265745e-03 2.097736621209261507e-02
1.028133103240679545e-03 6.629649579107301655e-04 1.123171338650180446e-03 2.098221525304376500e-02
1.181575920748413741e-03 8.170419221446004925e-04 1.125099111532902119e-03 2.098522873768013039e-02
1.481696376066061549e-03 9.573143181835163350e-04 1.126372356403358699e-03 2.099033510603967589e-02
6.769235557377898359e-04 5.319210752299369498e-04 1.036740637542373248e-03 2.007912386016073164e-02
8.110615871440031953e-04 6.669613176095280736e-04 1.037784069673949915e-03 2.008020418847428559e-02
1.035479848175898613e-03 8.995982460769053144e-04 1.039162538824504487e-03 2.008143226823087477e-02
1.220460697930639098e-03 1.085176569270089814e-03 1.040689111143681305e-03 2.008292030595917529e-02
5.799008032400891893e-04 5.586388963589781174e-04 9.593818150601563389e-04 1.835229196950401848e-02
7.225247726120253514e-04 6.913104735877562438e-04 9.607068831833694015e-04 1.835462057067189026e-02
9.990031134295700339e-04 8.356521294370204429e-04 9.617080247783256876e-04 1.835578204452072495e-02
1.333938446247016343e-03 9.839722699175334781e-04 9.650552348586243379e-04 1.835765934801497287e-02
6.030412932264637418e-04 5.346385362173446554e-04 8.856382144400755125e-04 1.656215696690660141e-02
7.356614916190151125e-04 6.866385438895704742e-04 8.890524037759501598e-04 1.656360509017852645e-02
8.749093706878215788e-04 8.411153726034519169e-04 8.916461637967933564e-04 1.656539017975022093e-02
1.030098339921026564e-03 9.878016466791442185e-04 8.952450849140275490e-04 1.656641145309805871e-02
5.510963898902438395e-04 5.834107390621522159e-04 8.161526308055060304e-04 1.510091974627352646e-02
6.832132842210710552e-04 8.365307745305550777e-04 8.171954606888829275e-04 1.510208029320803634e-02
8.311113821825301352e-04 1.064845096363433970e-03 8.191199235206861285e-04 1.510358151422334233e-02
1.065373364768292279e-03 1.204951285089799536e-03 8.201495619770887225e-04 1.510464152156272381e-02
5.548660762619419618e-04 5.829396678901656824e-04 7.417880924141462750e-04 1.415756268906116777e-02
7.655755406399702935e-04 8.865315619951434287e-04 7.430816541743791998e-04 1.416018051624182844e-02
9.102037194387333592e-04 1.046749562954453266e-03 7.449090650853850857e-04 1.416168011910764329e-02
1.074902307295828082e-03 1.166648461985536362e-03 7.463859360008331728e-04 1.416303015238401693e-02
6.084045638163484244e-04 5.585640615868886927e-04 6.899834599131570616e-04 1.360453170540072178e-02
1.288510348124390732e-03 6.696880283470953849e-04 6.910915640425026058e-04 1.360555694234685982e-02
1.549111876674872604e-03 8.008582216240240324e-04 6.923075955546422475e-04 1.360703756304683723e-02
1.860362207846080361e-03 9.219986466914609517e-04 6.949609749867659107e-04 1.360884988575212368e-02
6.681115319764922497e-04 5.163967929535568952e-04 6.693123313854527478e-04 1.301308759538017182e-02
7.878212971614965456e-04 8.838627484309720525e-04 6.731789841291866425e-04 1.301821012858444399e-02
1.021384320361159873e-03 1.118279918679059709e-03 6.746204525886496245e-04 1.301922409286214617e-02
1.208640868390793493e-03 1.359757388544801217e-03 6.769091443277678970e-04 1.302022906564376421e-02
5.900351098223367017e-04 6.089664303965455078e-04 6.419311059922713737e-04 1.219646872500059973e-02
7.152867518899021010e-04 7.548358742903594348e-04 6.439477866400817067e-04 1.220111711729387517e-02
9.361187134969797038e-04 1.011273233623286765e-03 6.449552116057605906e-04 1.220469530111107682e-02
1.068898006394000764e-03 1.238530428972146056e-03 6.460262768313159657e-04 1.220788749008609383e-02
5.534165179162328380e-04 5.803546585446857364e-04 6.025790461612635105e-04 1.127956512169646895e-02
7.726254598166754951e-04 8.472766612304372634e-04 6.035791634016288458e-04 1.128074505912140570e-02
9.764228845303848199e-04 9.953777256925006468e-04 6.047389472125538987e-04 1.128256315555737840e-02
1.127506999427897770e-03 1.128556839125432294e-03 6.066335862461865553e-04 1.128382268205564525e-02
5.587002146204833597e-04 5.569662862469482298e-04 5.630012379479755989e-04 1.050127374340757355e-02
7.730961093906168168e-04 1.060371715881787717e-03 5.640515895212127543e-04 1.050284732105031572e-02
9.116552266140544921e-04 1.231324819326228177e-03 5.652338407270695057e-04 1.050398833480393861e-02
1.170448723644337092e-03 1.422256267036811931e-03 5.665153032753554238e-04 1.050528985572861743e-02
5.941299073153883921e-04 6.079489454811847458e-04 5.292816775357383867e-04 9.988686273439975616e-03
7.260208761895834166e-04 1.036238884482261393e-03 5.303877655133596271e-04 9.992729966102450317e-03
1.273927101104141337e-03 1.244595418252785520e-03 5.320079476394324507e-04 9.995836239995775988e-03
1.412397565303704803e-03 1.486668830796000805e-03 5.335840093848018880e-04 9.996836583160632894e-03
6.206066057134726520e-04 6.216744677852527106e-04 5.075844058140712009e-04 9.684422540329905640e-03
7.431342523396724901e-04 8.136435847322446820e-04 5.090693813797864901e-04 9.686157337596281586e-03
1.115638872342136637e-03 9.602828234724785934e-04 5.136633347697756261e-04 9.688197149070683703e-03
1.867344447775871668e-03 1.074086926030802525e-03 5.184852375905199106e-04 9.689544639945603041e-03
6.648436657568775011e-04 5.582645900744905108e-04 5.110566803066503901e-04 9.424217200126504268e-03
1.000523898427050761e-03 6.849045432460618100e-04 5.131612783752744801e-04 9.426419584001564239e-03
1.167837215009309964e-03 7.985885724753142558e-04 5.156654609350810143e-04 9.427431834875670338e-03
1.352117536057953354e-03 9.230856617839524290e-04 5.171020192069173847e-04 9.430863235559111546e-03
6.255279136527507489e-04 5.143397344728049998e-04 5.002086734913548409e-04 9.141308450341976283e-03
8.832501235433035461e-04 6.581888383267851415e-04 5.023482123121075739e-04 9.143554001714411517e-03
1.006526899239170532e-03 7.842788868434677095e-04 5.049344781910041153e-04 9.144634354286515499e-03
1.162503432951895533e-03 1.059598328749096442e-03 5.064387656326103763e-04 9.145635834597438951e-03
5.701200045714888273e-04 5.458792607445847600e-04 4.932699648421529602e-04 8.797389398447586634e-03
7.127907740196626381e-04 6.689769063930249256e-04 4.944363236752290962e-04 8.798565961945177538e-03
8.354876757658653494e-04 9.622683967299797700e-04 4.960518843214493587e-04 8.799572443355723958e-03
9.648247951187904469e-04 1.280220683896163541e-03 4.975106170090076328e-04 8.800723827429995927e-03
5.221489084872433899e-04 5.964003582358602153e-04 4.744889958579293922e-04 8.568948277706413263e-03
7.083543521504701490e-04 7.124435742222770367e-04 4.784935463317877805e-04 8.571485668767036756e-03
8.515667124891237961e-04 8.627584065472217048e-04 4.800574813047932634e-04 8.572504488071140683e-03
9.851096373260186372e-04 1.038600986658349407e-03 4.815054005073512609e-04 8.573674249203730446e-03
5.343972093560685459e-04 5.369343017360534397e-04 4.506524352998831154e-04 8.349303229475097538e-03
6.589507136783537711e-04 6.453308507628648365e-04 4.527699196179266238e-04 8.351772403598122299e-03
7.928288241723730140e-04 1.157954301628897524e-03 4.539245382430044467e-04 8.356640994698681310e-03
9.258083103568291814e-04 1.399330693646479726e-03 4.549581372747657634e-04 8.358024007216552365e-03
5.186082968679920410e-04 6.184834093909678159e-04 4.253099691282012629e-04 8.165383345624360745e-03
6.518072930950393569e-04 7.394478753820257202e-04 4.278929249620922999e-04 8.171992573866020126e-03
7.850881556479522927e-04 8.559750687974416235e-04 4.288980185171820765e-04 8.175405675159756400e-03
1.124922858507553880e-03 9.846660360935035466e-04 4.305031724866232863e-04 8.178289896621282473e-03
5.699207689020908876e-04 5.487293916864633987e-04 4.061494523586145597e-04 7.881350861743539882e-03
7.032074171980938525e-04 6.691532003808585210e-04 4.084706976681406771e-04 7.882392103525365581e-03
8.371786302086574490e-04 1.271805500896760468e-03 4.117600149695650313e-04 7.884174607542773772e-03
1.418378351208297557e-03 1.598346993817638482e-03 4.129671540298555260e-04 7.885631233780851165e-03
6.058128752489738353e-04 6.615435931583150053e-04 3.955339512096377446e-04 7.613399646907085053e-03
8.166763365134564355e-04 7.712980541885828883e-04 3.979549892822427186e-04 7.614436331646811176e-03
1.118204196574616640e-03 8.894197443116089999e-04 4.009195346247225998e-04 7.615559683410025663e-03
1.375318572189960066e-03 1.193353348794799111e-03 4.019261510926664142e-04 7.617358538415013383e-03
6.891677051499674666e-04 5.705972884552139779e-04 3.916606117405846757e-04 7.413833325214588647e-03
1.200737199079050885e-03 8.369242356853795906e-04 3.942671842970524570e-04 7.414979675232446707e-03
1.532556536035789780e-03 9.472921318126624251e-04 3.952925739374364179e-04 7.416160907109018742e-03
1.737905031950915963e-03 1.090510894191529028e-03 3.977333188779916067e-04 7.418297982697134516e-03
6.510172116655619677e-04 5.446221245015510273e-04 3.852307464672340229e-04 7.221011132532186017e-03
7.873195336323987690e-04 1.241030343221290752e-03 3.869407294073595499e-04 7.222236204237468885e-03
1.061636204945894373e-03 1.503665954504625896e-03 3.885892667042605670e-04 7.225688496256025065e-03
1.180349481457443816e-03 1.746700597653997374e-03 3.901624913263779075e-04 7.226780464126248207e-03
6.045932817355479261e-04 6.795483333033372746e-04 3.810563490621701787e-04 7.082829545916179137e-03
8.331420906567295597e-04 7.851871950841784282e-04 3.844342476855698207e-04 7.090525316915259092e-03
9.702436288097540228e-04 1.508403017237264741e-03 3.863542022144717783e-04 7.092648374989073655e-03
1.237596936473837807e-03 1.835604921079665459e-03 3.874206537722045323e-04 7.094099303565418874e-03
5.882419549685218843e-04 6.551895079334878365e-04 3.774675779863490314e-04 6.990217814119077666e-03
7.090575583251628204e-04 8.544187527333727212e-04 3.785887825259059048e-04 6.992804337134706470e-03
1.095202666614267456e-03 1.902120361721326052e-03 3.796175743353592271e-04 6.995039930148073785e-03
1.242221343931368795e-03 2.116279685774749911e-03 3.808774004712106695e-04 7.005846994210915453e-03
5.715714705428018728e-04 7.065539645882477730e-04 3.704422548767237998e-04 6.931939541732352363e-03
7.276678464648203126e-04 8.152534383911848401e-04 3.727907597925255129e-04 6.933754829923729872e-03
9.669262803372945074e-04 9.388099779831847545e-04 3.744191438473767940e-04 6.934821645886191620e-03
1.099418676113209700e-03 1.216910473928061159e-03 3.762574238666745738e-04 6.935959877525294838e-03
5.646952992138045985e-04 6.061709624242509224e-04 3.713424986429450059e-04 6.862577778158151544e-03
8.581137259146200558e-04 7.510275094690237489e-04 3.732468077655920285e-04 6.863790347610062084e-03
1.042637132297545219e-03 1.311140792912093974e-03 3.778008252565349511e-04 6.866538977111866400e-03
1.151960139034550416e-03 1.425881790348404064e-03 3.789260154774578811e-04 6.867628003296282271e-03
5.551575441581686364e-04 6.633844585732512475e-04 3.703825318761756356e-04 6.814756122451845477e-03
1.089896867347596009e-03 8.644627913984896878e-04 3.714286202337337660e-04 6.816692345008751666e-03
1.296318837819114729e-03 9.752970377649472803e-04 3.752918850984782694e-04 6.818872077037651559e-03
1.454511938421146908e-03 1.095442719849841050e-03 3.763784095485602876e-04 6.820084727271585531e-03
6.543950129648972748e-04 5.508394664675508000e-04 3.687119794342542684e-04 6.763109800534206420e-03
8.370191970952031582e-04 7.538584422452618327e-04 3.704918665468383819e-04 6.765283231497712900e-03
9.389616571372717737e-04 9.906678301440611113e-04 3.722698923983738892e-04 6.766400763141460287e-03
1.056568426356699428e-03 1.099368322054829292e-03 3.752310333984683571e-04 6.769397053168996897e-03
5.369859056739898200e-04 5.442506513718304174e-04 3.747983586758105406e-04 6.756542113721287525e-03
1.082764583590051666e-03 6.485460014049025147e-04 3.763190093787043694e-04 6.757542163181268040e-03
1.275479174175114154e-03 9.718341068976293993e-04 3.807270298344800222e-04 6.760928842589252960e-03
1.377872399541129602e-03 1.072338399369165496e-03 3.817856118353144998e-04 6.763190296931890187e-03
6.043320921395685039e-04 5.509278363410405766e-04 3.818934890038130393e-04 6.763841186852589428e-03
7.222224069162581873e-04 6.539355588714946751e-04 3.845430787218186088e-04 6.766096318985962733e-03
1.037794197021721723e-03 7.718261396055397811e-04 3.860877270814725218e-04 6.768076000328617815e-03
1.183719707841198593e-03 8.771202230441729796e-04 3.873587656044671663e-04 6.769291907497974534e-03
5.637096964571184504e-04 5.054017842000495643e-04 3.839595162960838083e-04 6.732647699540969879e-03
6.758232105940728714e-04 8.804363035023157931e-04 3.858612879531786465e-04 6.734377973786464383e-03
1.003088430506868288e-03 1.031271789141585031e-03 3.871109527435717245e-04 6.736982258629658354e-03
1.112161658769399456e-03 1.349429403848943733e-03 3.881307220767646316e-04 6.738086604761240987e-03
5.519542924902724615e-04 6.091141775490203089e-04 3.796639488383229347e-04 6.726508050947111947e-03
6.552112625809341541e-04 9.948130906656642031e-04 3.812080918002576759e-04 6.727508495560278676e-03
8.588839393631374696e-04 1.313287023205790376e-03 3.824388004098750165e-04 6.728565602102980908e-03
9.928079321556990480e-04 1.488721619029071633e-03 3.834423396765710562e-04 6.729806492194844413e-03
6.124787824663963228e-04 6.139091075703397276e-04 3.830556969156413910e-04 6.729944469795876537e-03
7.120344027983981040e-04 8.659802892798059738e-04 3.862128730286883312e-04 6.731097724875342164e-03
8.107382572288766289e-04 1.019936868844271635e-03 3.872776016735421508e-04 6.732140363502389820e-03
1.000138590148631594e-03 1.130961020856373908e-03 3.891121663928737064e-04 6.733272949065821807e-03
5.285032938246588766e-04 5.515678632585074154e-04 3.895479969464425707e-04 6.734255719775589580e-03
6.526450901211817675e-04 6.537156711247379482e-04 3.906240235860571042e-04 6.735338498743424600e-03
8.709324503815491555e-04 8.039868017268625476e-04 3.916247513343191719e-04 6.736843500084637067e-03
1.017751205842407471e-03 9.100019388426373304e-04 3.926258897575450016e-04 6.739089361712590626e-03
5.312149441332877312e-04 5.335057169375818746e-04 3.894222911705532168e-04 6.724353111392161741e-03
