-3.050000000000000000e+01 -5.000000000000000000e-01 1.457841861402136807e+01 1.985249509506581660e+02
-3.095355750266456596e+01 -2.053381829711092621e+00 1.458044525650017320e+01 1.985464177462585269e+02
-3.143912069377282137e+01 -3.495810184283666189e+00 1.460759811856419610e+01 1.986865303130273901e+02
-3.192542573700837494e+01 -4.863203920748496500e+00 1.459610069345594141e+01 1.986542458402864213e+02
-3.249884824385373605e+01 -6.531732695378759779e+00 1.488456915108076117e+01 1.987378153796466620e+02
-3.319176991659531950e+01 -7.913435169593674878e+00 1.272972697836761036e+01 2.027417648930994005e+02
-3.349436976057991444e+01 -8.523774303012162434e+00 9.418270669521591643e+00 2.066052558195789857e+02
-3.400635667803984319e+01 -9.403271193611887568e+00 1.118022890006360193e+01 1.933777783210941266e+02
-3.350585380988338358e+01 -1.148844694165310365e+01 1.377861835380184274e+01 1.788831700958326394e+02
-3.351720363032853811e+01 -1.304440252530906541e+01 1.149721221376172409e+01 1.788612549793636788e+02
-3.346134021905725575e+01 -1.352647972235858909e+01 8.553531442295588150e+00 1.791722894330961253e+02
-3.364119659304860477e+01 -1.446672787189223897e+01 1.121616529869537793e+01 1.702497185900965349e+02
-3.249480917761915322e+01 -1.646541205625247528e+01 1.461714036461335020e+01 1.609143277336985420e+02
-3.188914731607706088e+01 -1.784810534395790782e+01 1.459493757337097364e+01 1.610526604380071660e+02
-3.146605164729963278e+01 -1.950097566503370317e+01 1.465362197563729296e+01 1.614044195793053689e+02
-3.094990882959530509e+01 -2.085318971731528492e+01 1.464760320100168300e+01 1.615811535888518051e+02
-3.054401343466108543e+01 -2.253809094257114864e+01 1.465394664704258432e+01 1.617963715212985676e+02
-3.011445087803574694e+01 -2.402661212910857813e+01 1.552618245822977983e+01 1.548565887854278458e+02
-2.852683728449378364e+01 -2.549692171382488581e+01 1.645056755824423078e+01 1.471670348955317422e+02
-2.758815154226263999e+01 -2.698598988757717621e+01 1.640417161038558547e+01 1.475178314338124039e+02
-2.653585693265219092e+01 -2.850380387672899474e+01 1.631895245189195265e+01 1.479456320457134666e+02
-2.543547470247882814e+01 -2.989496898584280515e+01 1.328350140993225637e+01 1.514270882359458312e+02
-2.544707267281071594e+01 -3.055780143005436145e+01 9.765292502982454437e+00 1.556200112722032713e+02
-2.500953871955722718e+01 -3.133828600334881287e+01 9.343622324656658762e+00 1.376327221160063914e+02
-2.354466891077074564e+01 -3.146219878515854518e+01 8.987609849716841737e+00 1.188281469578381149e+02
-2.241779717166659225e+01 -3.197780258869548931e+01 9.598789351060116104e+00 1.363855801766077036e+02
-2.249649249026118270e+01 -3.344539340512184111e+01 1.010241309195697212e+01 1.545074843140142775e+02
-2.186273530916066221e+01 -3.434036000334513972e+01 9.326997344383778810e+00 1.358585591797127279e+02
-2.047638895101212242e+01 -3.455680359644284039e+01 8.555330172502113584e+00 1.168003388211646296e+02
-1.958039710386064058e+01 -3.493378373530789816e+01 7.059995541115350548e+00 1.264402207054533989e+02
-1.950404717250589215e+01 -3.548039469823510217e+01 5.438501962395385192e+00 1.362779929595267276e+02
-1.893573405653362940e+01 -3.593737612087443267e+01 6.843085807218472816e+00 1.269586681999637392e+02
-1.748692676983259275e+01 -3.650735679653491417e+01 8.390852149272920002e+00 1.174852958176294919e+02
-1.659144014203920747e+01 -3.694928501863501680e+01 1.182842973352170368e+01 1.327886439207753710e+02
-1.553547882145575620e+01 -3.940756722937278766e+01 1.567349246056073397e+01 1.486919991266748298e+02
-1.440261006548067080e+01 -4.071264267648389534e+01 1.699205121243624461e+01 1.253680596657240187e+02
-1.062940043899766707e+01 -4.050622057281484700e+01 1.848337559551828946e+01 9.977750510395662786e+01
-8.096358445509446611e+00 -4.067296119274909927e+01 1.704706201808295063e+01 1.014079928942946367e+02
-6.462143818292517494e+00 -4.151338524817850839e+01 1.546768481664064865e+01 1.033125406810988949e+02
-4.276981486879376071e+00 -4.185917658469556812e+01 1.502269934225025416e+01 1.034883342500519348e+02
-2.526003655854840435e+00 -4.252840954391970740e+01 1.460057958930254252e+01 1.039233697026642460e+02
-4.780435944103949564e-01 -4.286020878492217179e+01 1.245586896573351865e+01 9.450028300427358374e+01
5.131079859771773277e-01 -4.248656114196330691e+01 9.987767099094892131e+00 8.486034279091529697e+01
1.971353330777095181e+00 -4.228574220543511331e+01 9.978113593418902028e+00 8.486046401683928764e+01
3.465912716003026528e+00 -4.253603137484761021e+01 9.992800874609145012e+00 8.503785612033729535e+01
4.835709115729851071e+00 -4.243665094636951807e+01 1.362461855873637617e+01 8.535639341600177943e+01
8.482345850347828176e+00 -4.244683178607421326e+01 1.770145474206857727e+01 8.623115609719414465e+01
1.115098946928727131e+01 -4.216798188926081536e+01 1.910970806712324688e+01 8.642171292520150416e+01
1.448380153179840590e+01 -4.245874501407974577e+01 2.066043507453244032e+01 8.706934352773535579e+01
1.744442449406557216e+01 -4.232527067338008209e+01 1.896139219337329962e+01 8.689472778273534459e+01
1.951245248980589508e+01 -4.239658819201812179e+01 1.708106334903463264e+01 8.694150062228968068e+01
2.184823812006992227e+01 -4.225165504336170130e+01 1.744112768697481286e+01 8.694453234520294416e+01
2.450260540407276011e+01 -4.248242103939777792e+01 1.783520274018045626e+01 8.723765295287439869e+01
2.714063337857943381e+01 -4.241542645764145902e+01 1.387749356534466294e+01 8.687857005116006803e+01
2.756711086617477235e+01 -4.246355043524584261e+01 9.713340673468222164e+00 8.690139158024416588e+01
2.906390972233836223e+01 -4.241892181931754635e+01 1.176247624122841096e+01 9.648965447187747202e+01
3.145909471063276541e+01 -4.352489532263360417e+01 1.398082702802657096e+01 1.064021644611003694e+02
3.348140151077875970e+01 -4.386896660792349678e+01 1.240091927158605678e+01 8.463167906676899577e+01
3.451749260193027879e+01 -4.250843670735150681e+01 1.058247740747876620e+01 6.245737286041910608e+01
3.602469422268950439e+01 -4.210084229143028267e+01 1.401566182246573611e+01 8.178685082236570736e+01
3.949278313996612866e+01 -4.346801467245799699e+01 1.742459656978511617e+01 1.016785117750558811e+02
4.196266970351864245e+01 -4.383874957814936835e+01 1.365777020694548405e+01 8.062222143919282757e+01
4.252666442646901857e+01 -4.252816004663370819e+01 9.663380610137831894e+00 5.901465447859484215e+01
4.376835411628025696e+01 -4.204388011527193925e+01 1.125219550230450594e+01 8.077772476051785588e+01
4.643425521449553628e+01 -4.343814551432028281e+01 1.297463485871265121e+01 1.032783575219940957e+02
4.816460536379678814e+01 -4.372518803471646009e+01 1.252450744605198096e+01 9.387417193593093145e+01
5.050071306189641263e+01 -4.349487672563083152e+01 1.210289828298327031e+01 8.438071097747679516e+01
5.225005316878593931e+01 -4.355609685363010897e+01 1.407011753147885180e+01 8.453531470635063272e+01
5.542633374775850541e+01 -4.346784223108952006e+01 1.617068832284613222e+01 8.461723385395436026e+01
5.785718650876574998e+01 -4.334546849679849601e+01 1.753428639596092964e+01 8.478742844098407261e+01
6.148695228162996784e+01 -4.346677389448068141e+01 1.902647972052987058e+01 8.515895868719361772e+01
6.426605932191098702e+01 -4.331200890570646322e+01 1.608623739321967250e+01 7.538736165251947341e+01
6.552684077555021247e+01 -4.253754162321869359e+01 1.295623233959550369e+01 6.516043981409390540e+01
6.718944120012083943e+01 -4.199146184248452585e+01 1.292106463103752922e+01 7.415013363559179993e+01
6.946669164099712646e+01 -4.250201560936537248e+01 1.291207299773436645e+01 8.367178359433214041e+01
7.127849616360060736e+01 -4.240085359863022063e+01 1.136898645499069360e+01 7.094591369214244025e+01
7.244950515321738749e+01 -4.154061093121699599e+01 9.850711946826253396e+00 5.803314725556487730e+01
7.346514594223920369e+01 -4.086240421099098086e+01 9.919872534063992831e+00 5.818378932351023991e+01
7.544411137148446755e+01 -4.047579704032071390e+01 1.007517184845600688e+01 5.840224148799192250e+01
7.665744745305978824e+01 -3.975423705699072485e+01 1.140916630968261991e+01 7.043758825839707072e+01
7.943363169417575875e+01 -4.048600976962698894e+01 1.277058213261483388e+01 8.281749068220820220e+01
8.121044678723352206e+01 -4.025441985470175155e+01 1.152741699011012955e+01 7.094858353810899132e+01
8.247551152380073347e+01 -3.944321770208296840e+01 1.026528189432327132e+01 5.900799934032950489e+01
8.347738711715899740e+01 -3.885116395805806633e+01 6.760232260559783768e+00 2.523776669250329974e+01
8.253938488267314710e+01 -3.848631430663029107e+01 3.165534450575185677e+00 3.514112927629058163e+02
8.268432836177781553e+01 -3.797563041624404434e+01 5.925151174249447372e+00 3.619750993572890252e+02
8.352475534238051580e+01 -3.650260342544030578e+01 8.698947290607705440e+00 1.260696907264309630e+01
8.370535505334896698e+01 -3.557462863696195399e+01 8.106581066898886689e+00 1.105580331214754075e+00
8.353652329095616835e+01 -3.449954138170669182e+01 7.546902623701957857e+00 3.495322596085373448e+02
8.348574727399785900e+01 -3.378322743414872775e+01 5.753375961691174822e+00 5.161585174050064779e+02
8.253412245445403528e+01 -3.347699811674453940e+01 3.860596285258831362e+00 3.227598177352360835e+02
8.228104980896431186e+01 -3.326932237397897296e+01 8.100851276738953999e+00 1.830004510673785489e+02
8.342280086190162081e+01 -3.064163762578601435e+01 1.234363429742896656e+01 4.318449748502900576e+01
8.448492042075140773e+01 -2.970528767228963218e+01 7.694229943841302877e+00 5.631040398446617701e+01
8.445615789874157997e+01 -2.946341557589371618e+01 2.959075656589202463e+00 6.940486063326822830e+01
8.490403638112341866e+01 -2.927674746397807581e+01 -1.020785052481228278e-01 4.877028204201524630e+01
8.450771818538471791e+01 -2.944192478183308026e+01 -3.204518485319415078e+00 2.810718943981626694e+01
8.437750419979555261e+01 -2.964869613547385185e+01 -1.072704955662591997e-01 1.873121675720378221e+02
8.353982618628224088e+01 -2.848762022640174862e+01 2.970197794936817015e+00 3.465821107909023340e+02
8.351616194877256305e+01 -2.810704023102227112e+01 4.509538132188850135e+00 1.873618495838607032e+02
8.356682561976757029e+01 -2.657579298196364448e+01 6.029636900149648149e+00 2.820088789341684077e+01
8.398811984839556999e+01 -2.588346904753442246e+01 6.019017568965626452e+00 2.819338659745118392e+01
8.353477818930647913e+01 -2.447535716161285180e+01 6.017876219990204945e+00 2.793176914705420799e+01
