-3.056390509255410137e+01 -4.693201255318707465e-01 1.375438329267531756e+01 1.966788466992586564e+02
-3.075209417008968416e+01 -1.172182023264580986e+00 1.375247704014514127e+01 1.966805829384105948e+02
-3.097091749873075273e+01 -1.882170448923180306e+00 1.375257161469573575e+01 1.966808063292930626e+02
-3.118514774914232746e+01 -2.591791976845791545e+00 1.375355721671866149e+01 1.966806698310947468e+02
-3.144498046849004069e+01 -3.458852962840545775e+00 1.375563941254186773e+01 1.966803093274005221e+02
-3.165007411697420281e+01 -4.167920679697554753e+00 1.375564382661691631e+01 1.966589565575703773e+02
-3.186888387297367231e+01 -4.893055564303042004e+00 1.375507738365176102e+01 1.966378121110940356e+02
-3.208486168074119149e+01 -5.609533671937256827e+00 1.375512823314273625e+01 1.966197458964527414e+02
-3.233883757514481516e+01 -6.406941774048328320e+00 1.375321120043239098e+01 1.965960519857032978e+02
-3.252823586391991739e+01 -7.104249670774003711e+00 1.271816465210106095e+01 1.985365568969527317e+02
-3.272837595049452375e+01 -7.746232916477982400e+00 1.166278937564796792e+01 2.005175598802713068e+02
-3.294977122852171902e+01 -8.327211440359128858e+00 1.062023981411367402e+01 2.024708912823651872e+02
-3.315552002246261054e+01 -8.825199794856832369e+00 9.617841353885800970e+00 2.043473539632985592e+02
-3.332235808702974822e+01 -9.326606005528754295e+00 1.051660926542127683e+01 1.976050199189318164e+02
-3.344417378451534972e+01 -9.834912018163960212e+00 1.130974820118386148e+01 1.916322632831444537e+02
-3.353693269092657658e+01 -1.044945744516849828e+01 1.220123171669919060e+01 1.849418185898534546e+02
-3.358547324908423803e+01 -1.124339461354523273e+01 1.325144982665636739e+01 1.770565296661465595e+02
-3.352678263498686562e+01 -1.194048131689791958e+01 1.211581762350949809e+01 1.770582731331802506e+02
-3.347133267412010582e+01 -1.258499899678372813e+01 1.097043170561957126e+01 1.770563582468210768e+02
-3.344259987852627347e+01 -1.316386507541706763e+01 9.829143440498224749e+00 1.770568820015490132e+02
-3.338817884907303579e+01 -1.377257734104341935e+01 8.488080772818067388e+00 1.770580105583298689e+02
-3.334001131946137519e+01 -1.425895185414886690e+01 9.829077702889350121e+00 1.725645669452366349e+02
-3.325922404182021808e+01 -1.482658706791377057e+01 1.115580606881719028e+01 1.681201490907621121e+02
-3.311086677735390538e+01 -1.546156863763126665e+01 1.250023662021035520e+01 1.636179624370421948e+02
-3.285792578028733857e+01 -1.623031235144982176e+01 1.401491526771032525e+01 1.585456400221428623e+02
-3.256005433260609294e+01 -1.692774700597071913e+01 1.400976367950300450e+01 1.586194462420764637e+02
-3.229094083467827403e+01 -1.766287616587104736e+01 1.400336441519344888e+01 1.586937357885142319e+02
-3.201030051126667786e+01 -1.836022872297174402e+01 1.399878431411624646e+01 1.587674776151501419e+02
-3.162873896056648704e+01 -1.934383433577165690e+01 1.399232858928246692e+01 1.588680417386701720e+02
-3.134040986489334912e+01 -2.007216877592159321e+01 1.398611977435659703e+01 1.589545213776468984e+02
-3.104652420042454253e+01 -2.079661418617175528e+01 1.398013782809312389e+01 1.590360063557849344e+02
-3.076847211934205006e+01 -2.151885091333685196e+01 1.397631986111610658e+01 1.591210216558802699e+02
-3.036243609072333882e+01 -2.251367007950863552e+01 1.396924306035298535e+01 1.592363057152521435e+02
-3.005781576645116360e+01 -2.323881350557721248e+01 1.439483452389617923e+01 1.558194819129305131e+02
-2.968789016674503500e+01 -2.396923946852040288e+01 1.483185774799618173e+01 1.523193768382639632e+02
-2.926684047660027588e+01 -2.471123495899694333e+01 1.527366878190403909e+01 1.487753911693953910e+02
-2.878537089284003159e+01 -2.543658053851067180e+01 1.571464481258294654e+01 1.452425083773937899e+02
-2.827869866052265024e+01 -2.613830617115827337e+01 1.569087187144849516e+01 1.454111235235050685e+02
-2.776376910466299819e+01 -2.685421291650504116e+01 1.566471374047567977e+01 1.455842493320646724e+02
-2.723348720486981378e+01 -2.755750078687049509e+01 1.563852928667599507e+01 1.457623489170481150e+02
-2.673540860844507705e+01 -2.824856596134730324e+01 1.561414295588388157e+01 1.459303756800458416e+02
-2.623488700468017498e+01 -2.892265766401214222e+01 1.410802194608190874e+01 1.476759542382904726e+02
-2.581610299353673099e+01 -2.955412214321831499e+01 1.259969242389459154e+01 1.494269881218764908e+02
-2.545735794489706549e+01 -3.012212253321095545e+01 1.109499836563010433e+01 1.511755895891424188e+02
-2.519403798067768108e+01 -3.059691053539595273e+01 9.721840984065737601e+00 1.527673400744070307e+02
-2.492413726008556907e+01 -3.103722734652564341e+01 9.502973087356576087e+00 1.437832670145759266e+02
-2.457127249041977635e+01 -3.141283631611808502e+01 9.283270213702827789e+00 1.348239865950448859e+02
-2.418447037268080990e+01 -3.173631991600745650e+01 9.065988912452674242e+00 1.258660690165642819e+02
-2.376083311286257072e+01 -3.197349961291210363e+01 8.861239781579865138e+00 1.175082399997499891e+02
-2.332532862908620785e+01 -3.219448977182172911e+01 9.167256570927889925e+00 1.263280597507921925e+02
-2.290613784826398103e+01 -3.250010164771705945e+01 9.468327733589111617e+00 1.350609439753760910e+02
-2.251762164136734157e+01 -3.286972827009586950e+01 9.770084399885030635e+00 1.438164092868068735e+02
-2.218991241100658485e+01 -3.329914880544396993e+01 1.007124592712191635e+01 1.525651084823857957e+02
-2.187451224666354577e+01 -3.376903682229232828e+01 9.678852280721390144e+00 1.431835194476587105e+02
-2.149363486309159654e+01 -3.417620262302077805e+01 9.288579905915257839e+00 1.338308804207510718e+02
-2.105455927659356519e+01 -3.451242244781367674e+01 8.895333086291708824e+00 1.244618633702711179e+02
-2.060087471533055492e+01 -3.476901790696037153e+01 8.512241367478290854e+00 1.152688826514190055e+02
-2.010220558671982261e+01 -3.499378786371349292e+01 7.770052101022379532e+00 1.200517172286518388e+02
-1.968068496390288402e+01 -3.523516042243138457e+01 7.018442978563828483e+00 1.249035984092569009e+02
-1.931747413727951823e+01 -3.548459926272469289e+01 6.275733139684492201e+00 1.296965536426568235e+02
-1.896620503107662614e+01 -3.575426961746825327e+01 5.439201940427525805e+00 1.350883810241683989e+02
-1.865437745945415315e+01 -3.602001679438640025e+01 6.155971129978307310e+00 1.303810170403231439e+02
-1.830481746819387823e+01 -3.629177895447914892e+01 6.858752500629694993e+00 1.257500634719055341e+02
-1.791264189121136141e+01 -3.655344896909070940e+01 7.571329515643770769e+00 1.210553217119317821e+02
-1.743312040863360579e+01 -3.683834828580311438e+01 8.317674926541023694e+00 1.161357396796598209e+02
-1.689544400854230943e+01 -3.712447191812233172e+01 1.004811136115633197e+01 1.238534808732343464e+02
-1.630974324942834386e+01 -3.750570231249291453e+01 1.175709826082153242e+01 1.314712818774827952e+02
-1.568609062832309675e+01 -3.800655010615051310e+01 1.347687284157075638e+01 1.391429361139831826e+02
-1.500632617842370564e+01 -3.867533556278299045e+01 1.529674889062935605e+01 1.472597508975325979e+02
-1.435785678891076067e+01 -3.935306781329396841e+01 1.597187754853089103e+01 1.355885137146685508e+02
-1.350620552967904331e+01 -3.995646100657254607e+01 1.664923276014938125e+01 1.238403005908076011e+02
-1.247429981322308201e+01 -4.043341397889435029e+01 1.731865842886695717e+01 1.122444528806071986e+02
-1.134657387074788204e+01 -4.075507972980231131e+01 1.795066538420766733e+01 1.013072099481379524e+02
-1.017267669028617938e+01 -4.094923024841273218e+01 1.723967978232898091e+01 1.021172135650655122e+02
-9.054726527518750956e+00 -4.112235403743700601e+01 1.652853091507815719e+01 1.029268558915763236e+02
-8.000125561999258395e+00 -4.130207369580993770e+01 1.583213309424773563e+01 1.037209615254502779e+02
-6.678643813359829373e+00 -4.154385928790518534e+01 1.493667748904177905e+01 1.047443131576008000e+02
-5.650957146780127616e+00 -4.177495865838571376e+01 1.471285121254838124e+01 1.048197636497899197e+02
-4.635643908425661763e+00 -4.199547999697686862e+01 1.449220257782023680e+01 1.048965772078660592e+02
-3.622334840969258174e+00 -4.220040647811758561e+01 1.427178015272295930e+01 1.049748007626817099e+02
-2.564413711444638810e+00 -4.242030485351688895e+01 1.403334484264136961e+01 1.050561285203282722e+02
-1.585395952847020506e+00 -4.262034938761155445e+01 1.295945150553098202e+01 1.003436362811185205e+02
-6.544635351502363640e-01 -4.275063144974743778e+01 1.189394332110934016e+01 9.565620195752384802e+01
1.860471521307583975e-01 -4.280455625956130916e+01 1.082154363577520328e+01 9.095011600251832817e+01
8.255727286585730074e-01 -4.282640304226490002e+01 9.951744046171070224e+00 8.712582667101389688e+01
1.583950476434071053e+00 -4.281899541004926846e+01 9.950903058505163656e+00 8.712329980515096395e+01
2.317138919354791771e+00 -4.281758640367404922e+01 9.950044105983861797e+00 8.712295824921477561e+01
3.045218356102731061e+00 -4.280095452526335009e+01 9.948605861955147844e+00 8.712247454200515051e+01
4.305410442613905708e+00 -4.274683767490565600e+01 9.946935019844023174e+00 8.712285272672302483e+01
5.147475964846770502e+00 -4.274158988733651654e+01 1.179334849018819931e+01 8.728679163914685546e+01
6.054067765108550603e+00 -4.275784894450998053e+01 1.361297015740321825e+01 8.744912329715971566e+01
7.054698027156351969e+00 -4.274726060426638696e+01 1.542707083584169681e+01 8.761151006236474359e+01
8.180836098597564998e+00 -4.273608635426080582e+01 1.720833781819442976e+01 8.777056526103487499e+01
9.456644743231061412e+00 -4.275044596468397629e+01 1.790360259892852213e+01 8.785975105245034911e+01
1.079122774153170994e+01 -4.272944781819222015e+01 1.860152557886605607e+01 8.794675984241041533e+01
1.217162759374708969e+01 -4.272525452734703322e+01 1.929394931223075815e+01 8.803478772936875885e+01
1.391857171037937846e+01 -4.269608516348558425e+01 2.013821970774590753e+01 8.814176919546422084e+01
1.538379779248445267e+01 -4.270226210668642608e+01 1.928923333921302330e+01 8.805801960412071594e+01
1.674426092834447743e+01 -4.273040117898899126e+01 1.846549322212567645e+01 8.797669874326858519e+01
1.808570421646811255e+01 -4.273493825716140293e+01 1.760744743960513858e+01 8.789108294864945492e+01
1.950444385905003131e+01 -4.271861975227850650e+01 1.666099804743540602e+01 8.779762208184584438e+01
2.075421441742546591e+01 -4.273637024469365997e+01 1.684827323178706493e+01 8.779636907527569178e+01
2.192230790039258892e+01 -4.273463929017806606e+01 1.702388570809926449e+01 8.779652456942464767e+01
2.312796203028373654e+01 -4.274327022634418682e+01 1.720179949458022506e+01 8.779637153562916296e+01
2.411486731642951753e+01 -4.276093388650503613e+01 1.734477321213774914e+01 8.779607216419299220e+01
2.534410503588286545e+01 -4.278736253116446875e+01 1.533828913559213092e+01 8.761851949604495360e+01
2.640964442253484634e+01 -4.280591120396032068e+01 1.335848496436842225e+01 8.744206618731772096e+01
2.731915971800852105e+01 -4.283580708856245423e+01 1.141406897964641232e+01 8.726960374259709852e+01
2.812810929826256512e+01 -4.285546584643982726e+01 9.374884130635846802e+00 8.708844897401661456e+01
2.884410085524700307e+01 -4.289081372322326757e+01 1.038198630675312195e+01 9.181222623543098393e+01
2.964340953755406005e+01 -4.297088843849588358e+01 1.140382240469942410e+01 9.661328226727610513e+01
3.049271120278371328e+01 -4.307607810200558873e+01 1.241537704286763066e+01 1.013749308120449228e+02
3.146186388820714086e+01 -4.326027860557732652e+01 1.347332288670182976e+01 1.063444584973416340e+02
3.245479392771206051e+01 -4.347518964350596349e+01 1.268162544690701843e+01 9.543218766414160825e+01
3.342803555893593170e+01 -4.357380493762936879e+01 1.188643605386081248e+01 8.446475023941569304e+01
3.433927758635120853e+01 -4.349932045262567470e+01 1.108836986669043156e+01 7.347209714695163996e+01
3.511470118743638835e+01 -4.336299985163351067e+01 1.031600034038045344e+01 6.282090003864197314e+01
3.582425957493114765e+01 -4.321232162350418804e+01 1.204566526981658647e+01 7.253824592732165399e+01
3.669615391434702900e+01 -4.310761179990130643e+01 1.376601430417890448e+01 8.220473629111995706e+01
3.772458878764803814e+01 -4.311632555059491523e+01 1.548824252632912746e+01 9.188922969286171849e+01
3.891812767473378187e+01 -4.322517949846391616e+01 1.726965578325714290e+01 1.018992798531204613e+02
4.014901584795306633e+01 -4.347262096867679304e+01 1.540076365908113054e+01 9.140168883077248552e+01
4.129820878088293767e+01 -4.355023167547815888e+01 1.352967959667542708e+01 8.089201997981024306e+01
4.228200768562147260e+01 -4.348016105047640423e+01 1.164434119634317888e+01 7.030077101190916267e+01
4.308415722331148601e+01 -4.330917679469150983e+01 9.771492092183677869e+00 5.978229881060972417e+01
4.376826865440872893e+01 -4.317597817905777191e+01 1.056199224478286425e+01 7.066431617100326434e+01
4.456026187833555241e+01 -4.311781116109769840e+01 1.134033756750319100e+01 8.141135275499098611e+01
4.544131253651885061e+01 -4.313224645043145244e+01 1.212111438991145995e+01 9.217658141628960777e+01
4.649386952093620096e+01 -4.324053482545217264e+01 1.300739355912910611e+01 1.043924856096475651e+02
4.749841635022608699e+01 -4.346455350883007895e+01 1.278982527345866949e+01 9.971515052962384118e+01
4.850077080795603734e+01 -4.363570199938540384e+01 1.257009857446860757e+01 9.497915958230545641e+01
4.950496037974939867e+01 -4.372028798032269492e+01 1.235205953885271768e+01 9.030307166360721283e+01
5.060743901152380175e+01 -4.376817736449985574e+01 1.210090184526620583e+01 8.493369593646424676e+01
5.154240263323209348e+01 -4.379873983803213378e+01 1.308621600157686693e+01 8.501769504615246831e+01
5.255361695301300529e+01 -4.380023474054221566e+01 1.406786871086480950e+01 8.510073229248148152e+01
5.362949866987644043e+01 -4.378046439076940288e+01 1.504609145593125952e+01 8.518168337058258999e+01
5.495246719533957247e+01 -4.373293135090346340e+01 1.619230643109508350e+01 8.527963025562458199e+01
5.619121828220897896e+01 -4.369028671017414212e+01 1.687825971159075422e+01 8.537031719362796878e+01
5.747034168230153028e+01 -4.366038542331550332e+01 1.757138686296979913e+01 8.546194695435283961e+01
5.886663417195815384e+01 -4.361494038677378171e+01 1.829078384423518955e+01 8.555619174335303967e+01
6.084053977354525244e+01 -4.353967038842660031e+01 1.927220455050260028e+01 8.568444300322488516e+01
6.227432683600445529e+01 -4.347943014319028521e+01 1.781264859578229931e+01 8.082497737226907475e+01
6.358150842427031790e+01 -4.334631920893218648e+01 1.633749833954737696e+01 7.591658099780913460e+01
6.473828601844728325e+01 -4.314816079894027467e+01 1.488110578138128481e+01 7.107184287009904722e+01
6.574891628172876779e+01 -4.291523989363177094e+01 1.344267396413789939e+01 6.628940171919747115e+01
6.664240403106296640e+01 -4.269163522558059753e+01 1.342921503965593999e+01 7.081297263304200840e+01
6.756505366608364227e+01 -4.253279629088390834e+01 1.341448799346517617e+01 7.538047751287543008e+01
6.847803323103877915e+01 -4.242417907583865144e+01 1.340097372039112145e+01 7.974854184977803584e+01
6.939729680162272984e+01 -4.234848194285823553e+01 1.338670250328674882e+01 8.421382565513265206e+01
7.035713858238936780e+01 -4.230598189361821682e+01 1.262352532225699520e+01 7.788766803662581140e+01
7.126300338650000299e+01 -4.220911937042455264e+01 1.185679872832163362e+01 7.153525574617901839e+01
7.209117805186902217e+01 -4.202780776406233798e+01 1.108633774024032448e+01 6.516152783534613491e+01
7.282272189917406990e+01 -4.180619846823025654e+01 1.030871690803204110e+01 5.873161611416651340e+01
7.335005301404953570e+01 -4.165107643207495869e+01 1.033662929499799965e+01 5.879098246713997611e+01
7.406149030537160627e+01 -4.137192323940075056e+01 1.037621297286535160e+01 5.887484833668814588e+01
7.470581985657449309e+01 -4.113151099560988655e+01 1.041154210505829703e+01 5.895061819905755840e+01
7.571821459863224391e+01 -4.070741583844136358e+01 1.046881210116397298e+01 5.907387146179219428e+01
7.639475021188887638e+01 -4.044518692538182592e+01 1.112881111768724907e+01 6.511156771579305769e+01
7.714517718325404871e+01 -4.023218077748703791e+01 1.177855942558948854e+01 7.103524063282721102e+01
7.796765375156924449e+01 -4.003412652145105000e+01 1.243714942293830994e+01 7.705273283175840504e+01
7.884928710321736389e+01 -3.989241679930650974e+01 1.308961249475652622e+01 8.302164404195382019e+01
7.973679420851422606e+01 -3.974830594014925111e+01 1.246492475073075923e+01 7.707855773402118871e+01
8.056524906048272783e+01 -3.953841290902745698e+01 1.183420789353818314e+01 7.106376312633112491e+01
8.130142925953165900e+01 -3.929443973272223900e+01 1.121636744646875528e+01 6.517676431529694980e+01
8.197066598024852624e+01 -3.900531106127207437e+01 1.059402922474644093e+01 5.924842786139639372e+01
8.251323448901273139e+01 -3.863716368464635309e+01 8.851068783148836161e+00 4.243763916479924347e+01
8.285397006066709480e+01 -3.819853267100453564e+01 7.106378555247767181e+00 2.562062539202256417e+01
8.297373207521854965e+01 -3.778914070087480326e+01 5.353927566917608516e+00 8.727872924058505788e+00
8.295135059670806754e+01 -3.743921033334235915e+01 3.575261468128170250e+00 3.515859077819375216e+02
8.289330108099667882e+01 -3.708282874822651110e+01 4.977255310157488566e+00 3.569426002562876761e+02
8.286495784901387651e+01 -3.667270434251358324e+01 6.376922753132384436e+00 2.293278878150374567e+00
8.284851518308522600e+01 -3.623003028030660033e+01 7.755544122727128453e+00 7.570863121259264972e+00
8.289113459565096775e+01 -3.567258321416822753e+01 9.341529744735920460e+00 1.363744175577178019e+01
8.295744034787412602e+01 -3.502287890839453866e+01 9.047863705040054327e+00 7.991550757759526391e+00
8.299754169813428462e+01 -3.439033733458897757e+01 8.752380727670807659e+00 2.260036231944536400e+00
8.297584272134001537e+01 -3.377396858523233192e+01 8.452144956056223180e+00 3.564991634844822670e+02
8.290811141302883414e+01 -3.310085591749683687e+01 8.110365164125225235e+00 3.498832943216079343e+02
8.272289829360842361e+01 -3.238043204306659817e+01 7.204753460445764368e+00 7.317584154033750110e+01
8.308338524561295912e+01 -3.199812246783869796e+01 6.299264918905809196e+00 1.565752831987477975e+02
8.315870066174825581e+01 -3.210001677604682158e+01 5.395168794442199101e+00 2.399024648218623952e+02
8.276690702053316784e+01 -3.202466536852621459e+01 4.491339850332563444e+00 3.232985215814164235e+02
8.255543921558594889e+01 -3.145638097850275727e+01 6.619100374707638679e+00 2.535104602223738084e+02
8.213614168337825561e+01 -3.118132637413737740e+01 8.753799136468018105e+00 1.834904886061051741e+02
8.209784211052794944e+01 -3.134111501430369628e+01 1.088603250319609828e+01 1.135256616295208545e+02
8.269018452685301668e+01 -3.125134153561194239e+01 1.303117741741009716e+01 4.315599961639105686e+01
8.313939314195286556e+01 -3.053661436429641185e+01 1.070689323066083354e+01 4.971670792807570649e+01
8.355096549463398503e+01 -2.995654525308149374e+01 8.383870490359493388e+00 5.627646474631144713e+01
8.390622249680150446e+01 -2.950993619146475666e+01 6.060567632994212417e+00 6.283725467876951853e+01
8.417069547629080262e+01 -2.915836276197440924e+01 3.727630486479989624e+00 6.942375885767076227e+01
8.427450658687870089e+01 -2.885916573217983228e+01 2.200535366636544143e+00 5.912313258692932294e+01
8.428653962168047542e+01 -2.863925145278725282e+01 6.864403467389704749e-01 4.892078924253923589e+01
8.423981375348014922e+01 -2.846607325114685949e+01 -8.450437910458136193e-01 3.860032574038626763e+01
8.412839354460039942e+01 -2.838677634659953597e+01 -2.366534906639208735e+00 2.834335842687611162e+01
8.394818270932232451e+01 -2.826367786283276118e+01 -8.303751043610611005e-01 1.079295440352935458e+02
8.377109533259779539e+01 -2.808202106561627076e+01 7.071092824961746626e-01 1.875745340574385978e+02
8.368558564899659302e+01 -2.798337082754002836e+01 2.244694529248979276e+00 2.671915622064980766e+02
8.347564658640617097e+01 -2.786223235594735215e+01 3.783758965857953793e+00 3.468695687244477313e+02
8.333741613816481220e+01 -2.747201591734654258e+01 4.555548771155483401e+00 2.672730733415978079e+02
8.301804962962154377e+01 -2.732387604089888811e+01 5.328463963275080317e+00 1.876558133396758308e+02
8.292547460063619269e+01 -2.746375603753157435e+01 6.099049352928297196e+00 1.080067155691204448e+02
8.322921699941821316e+01 -2.741067493478339756e+01 6.870353608517642208e+00 2.825359270147671609e+01
8.332940567922064190e+01 -2.703935804001700660e+01 6.868505260350584507e+00 2.825265185364740717e+01
8.340613014786785584e+01 -2.672613986891916937e+01 6.868239830767020493e+00 2.825074546581692303e+01
8.351935549784732871e+01 -2.636768932933543752e+01 6.867741291825869787e+00 2.824957012785338506e+01
8.399924117315259764e+01 -2.542199508197794700e+01 6.864436249300064574e+00 2.824943842758454338e+01
