3.953252743018831339e-02 3.436379108037085350e-01 2.879175806826950179e-03 6.984481734632264072e-02
8.815253819386083180e-04 1.050584330410607968e-03 2.878181562666726201e-03 6.984395717891311861e-02
8.266210944848583451e-04 1.144476569550873651e-03 2.877187296717487186e-03 6.984330393629778477e-02
7.415939640738862873e-04 1.261455632166289670e-03 2.876193040760810504e-03 6.984268172245555739e-02
5.290894407722630376e-04 5.807848748407701267e-04 2.875199040587854415e-03 6.984213459276894520e-02
5.427574123341096131e-04 7.082789031738116834e-04 2.874278269424240806e-03 6.984970994296085811e-02
5.676915649526935101e-04 1.030942152514282206e-03 2.873322132601649481e-03 6.986505972752093951e-02
5.431115739454243745e-04 1.227026455271488462e-03 2.872434433162721068e-03 6.986737123809733108e-02
4.100461400564216034e-04 4.866579650442611773e-04 2.873988480773949361e-03 6.976017901609662952e-02
4.650073927313292570e-04 6.519048485576317380e-04 2.944690780694488030e-03 6.883947028852038796e-02
4.959459794035136083e-04 7.414417636460322782e-04 2.947566047862304819e-03 6.809809872570671274e-02
4.753758112938503456e-04 9.438909114526223242e-04 3.338394406863487082e-03 7.098531991753165293e-02
3.432894320615972601e-04 5.920745319483362336e-04 3.864886024747127627e-03 7.433985090501389614e-02
3.663424379071677454e-04 7.172354018970530584e-04 3.855465273004629080e-03 7.390801682684280949e-02
4.111896790685368175e-04 8.424742821558042121e-04 3.800473081328832950e-03 7.618317915092531756e-02
3.867302476702745399e-04 9.780145454308870109e-04 3.778633317641187650e-03 7.572674123865270890e-02
3.853069487657081690e-04 4.886593408008670309e-04 2.837962671828233099e-03 3.577355692066145482e-02
4.095808879338160924e-04 6.055928345053100811e-04 2.844356473299784922e-03 3.577351260032321512e-02
4.199421875408869799e-04 7.348268832072605292e-04 2.876433014668306355e-03 3.577351004557714764e-02
4.154220799951105058e-04 8.218105337412823664e-04 2.894012250062982100e-03 3.577352774022303505e-02
3.934973760155500533e-04 5.470936531442567932e-04 3.496166893942717797e-03 3.577356082657544983e-02
4.415991901773757850e-04 6.778514078298503338e-04 3.499408155374453180e-03 3.564647893600222245e-02
4.860451734356799336e-04 8.219733086474748053e-04 3.485274154036030470e-03 3.570149747619506125e-02
5.219678712379664538e-04 9.799265250754508882e-04 3.397726534118642328e-03 3.665949754532917687e-02
4.340545858035683210e-04 5.735097715706670993e-04 1.518635322562467138e-03 2.303894444766385607e-02
4.889964266441262832e-04 6.893741506494353941e-04 1.518503683657048547e-03 2.303854602870269996e-02
4.565278479319794880e-04 1.304932557509897589e-03 1.518718394471647252e-03 2.290261216653413645e-02
4.817306185968488587e-04 1.502456275521147668e-03 1.518606965681830977e-03 2.289288571030478198e-02
3.982633941443661165e-04 6.450176227434650930e-04 1.522088862497762663e-03 2.306209046952422542e-02
5.825193520809296074e-04 1.307685561836221264e-03 1.522162095394806718e-03 2.309845523967691064e-02
5.939903575080032055e-04 1.672348253249894947e-03 1.522268515477822768e-03 2.301829434557736004e-02
6.310945360024983663e-04 1.829476530683538582e-03 1.522374778005894467e-03 2.301756933069905309e-02
5.003546451995397916e-04 5.619811900209763017e-04 1.526236930599076140e-03 2.302574232427437653e-02
5.991596130888541399e-04 6.376022751983350658e-04 1.527708409290482383e-03 2.293893642828999727e-02
6.751261495500255347e-04 7.304919740770052499e-04 1.523049706417269143e-03 2.298143158511418982e-02
7.859702341914433493e-04 9.505203925741193167e-04 1.502000824198871558e-03 2.368349645604830161e-02
4.423419138546045778e-04 5.607291067924905859e-04 1.130963642360491642e-03 2.320441917210305446e-02
6.995761793782730165e-04 7.485408092676830438e-04 1.129408642423449871e-03 2.333321275552310489e-02
7.435704988712403627e-04 8.719576610199985308e-04 1.129830433176360087e-03 2.328908160768679292e-02
7.998899571718484256e-04 9.533459472457631381e-04 1.129832639611517715e-03 2.329531025054370000e-02
3.789574887001357219e-04 4.691453794076840033e-04 1.162373049318502372e-03 2.318655212922553221e-02
4.152184436643412352e-04 4.823390820776491793e-04 1.159435958061412215e-03 2.326310710612251864e-02
4.249885523781277803e-04 5.029017429522121638e-04 1.172884589832871687e-03 2.312803114458260312e-02
4.261562515166605978e-04 4.934813860292283725e-04 1.179594649740840729e-03 2.307962466785715497e-02
4.311096580292577058e-04 3.827313936515508962e-04 9.752078572385994033e-04 2.412502896589312565e-02
4.698777794060688198e-04 4.119956861496431406e-04 9.754313132035525224e-04 2.409609919585532084e-02
5.014913952331567087e-04 4.347453330954671692e-04 9.772806075761973285e-04 2.408335503853840584e-02
5.143490918975227857e-04 4.347646338180084129e-04 9.778094306189747797e-04 2.417214292975362888e-02
3.954615093619603255e-04 3.803494742015674310e-04 1.028399956562436185e-03 2.333962211993291860e-02
4.280104460432352146e-04 4.221338500812201974e-04 1.028677333652357889e-03 2.330399934800761810e-02
4.568154342471861793e-04 4.374041929456187533e-04 1.030350506882424244e-03 2.332479138412427849e-02
4.640088582357309839e-04 4.398524358044645808e-04 1.031179126405447431e-03 2.331184051391281542e-02
4.245961896728148470e-04 3.420711835237534842e-04 9.554074521033754843e-04 2.163718105157002095e-02
4.945962886790870698e-04 3.704491939465154402e-04 9.554212173618635605e-04 2.161815165230603075e-02
5.555689187608994902e-04 3.819727977579668449e-04 9.546067617324069561e-04 2.163610242794447233e-02
5.664934056023270600e-04 3.878351800165275119e-04 9.651522611381460918e-04 2.159545807343994303e-02
4.858767709919406411e-04 3.519613293011893173e-04 1.000460091456857386e-03 2.256184189035466067e-02
6.056262421989774044e-04 3.845483407477296388e-04 1.026909942814261669e-03 2.174028736299297299e-02
6.302205480987491332e-04 4.103221642702866833e-04 1.040838103495129660e-03 2.140742803402731140e-02
6.427641317053779278e-04 4.044022266920865383e-04 1.038741654159702028e-03 2.146525532837171776e-02
5.706154729064285462e-04 3.460582675484564791e-04 1.172920408894340084e-03 1.980001542092413302e-02
6.612188861839803479e-04 3.813106435427937547e-04 1.169133592328982672e-03 1.987140919121276744e-02
7.136691801049407273e-04 3.988595560727459526e-04 1.172881361430384503e-03 1.982650435095155428e-02
7.234712616878836555e-04 4.057499762851475133e-04 1.173165904680582936e-03 1.987678483437827978e-02
5.139196409329148656e-04 3.642809009268771839e-04 1.080860754390404422e-03 1.884865670485444747e-02
5.902976234599568821e-04 4.018279384443593856e-04 1.073979566863910926e-03 1.892399292540321992e-02
6.158632564536349347e-04 4.301299654843131182e-04 1.075341047950351212e-03 1.893359210967585082e-02
6.366979814479066481e-04 4.489394829753016580e-04 1.072815641541442549e-03 1.902252669387948306e-02
4.896216622611422814e-04 3.313568555544783812e-04 5.869570285906781492e-04 1.651524861083205481e-02
5.513067453780380427e-04 3.581385273546035947e-04 5.869979261751307473e-04 1.647090143378072968e-02
6.227307863276385774e-04 3.763511794521529280e-04 5.826333635604371165e-04 1.655294601990405998e-02
6.650027110746196913e-04 3.640504838831925064e-04 5.837263930929591314e-04 1.652414817634077077e-02
4.761910264084939304e-04 3.491926488454202772e-04 5.272832475062046859e-04 1.087581809487556811e-02
5.548792386079130345e-04 3.738352125631121191e-04 5.263950959497936061e-04 1.088172063575396434e-02
7.042772969308940499e-04 3.835777283629902184e-04 5.265153222942359733e-04 1.093703230821251558e-02
8.475759260005540563e-04 3.829291472489314242e-04 5.243617147939452685e-04 1.096016510840044922e-02
5.602224233981727272e-04 3.550208246742210007e-04 5.259911691313907088e-04 1.094070225903915131e-02
6.665219285305135424e-04 3.935703458796637106e-04 5.266654821111922766e-04 1.094259653270132637e-02
7.735964694221646436e-04 4.163064393208866032e-04 5.271250881311356686e-04 1.094408097632994931e-02
8.921948572704035529e-04 4.259904105960342835e-04 5.287926459513603685e-04 1.094378696482497387e-02
4.304191315493375311e-04 3.885829102402921578e-04 6.131083749216338988e-04 1.088677393795894552e-02
4.971178580655404326e-04 4.318272723755711782e-04 6.117225891660623815e-04 1.101039412298224565e-02
5.615200610409999769e-04 4.405775174443686505e-04 6.089377378285334465e-04 1.112755849299606331e-02
6.399393098619266581e-04 4.262839513647232858e-04 6.108395213856387214e-04 1.104056438593820771e-02
5.491813065798014076e-04 3.993312158332092176e-04 6.840946694761083392e-04 8.813459073119487078e-03
7.356530112041685188e-04 4.305293975902330051e-04 6.849510258246895500e-04 8.813831637566202359e-03
8.693759023248204699e-04 4.256035100400297260e-04 6.858071740705813830e-04 8.814186017917323770e-03
1.020766486925821269e-03 4.047798767483743896e-04 6.866593214046226969e-04 8.814553384580904594e-03
6.416222190486039123e-04 3.753878750832706328e-04 6.875102315981705551e-04 8.814936885199811667e-03
7.985249995177456971e-04 4.081466241963494120e-04 6.865729984451064173e-04 8.815444304347542365e-03
8.490374537560616648e-04 4.266902208139673942e-04 6.874305656319483395e-04 8.815707312100459075e-03
8.861867667384625046e-04 4.295477497051905730e-04 6.890966542647314124e-04 8.815965235097132993e-03
6.553384859932525784e-04 4.167566544017320819e-04 6.195772260156270656e-04 8.811574040678728584e-03
7.715971447505336677e-04 4.760801776648884254e-04 6.220747945271202237e-04 8.817104544376234282e-03
9.941869291600741697e-04 4.787131451899535612e-04 6.054820376580883051e-04 8.829044341513041239e-03
1.173185983475304650e-03 4.568355351219804180e-04 6.068529622507412829e-04 8.837062589928407902e-03
5.186314199699675227e-04 4.120865337461589628e-04 4.649235215380305430e-04 8.824490779797047185e-03
6.023116533905265935e-04 4.396052699460967022e-04 4.643356455768567486e-04 8.824304466211765202e-03
7.473358731217096028e-04 4.559985799463665314e-04 4.588189654024235273e-04 8.816907453559232402e-03
8.193704187151205562e-04 4.434420590602889409e-04 4.594173531802812406e-04 8.817741473024163709e-03
5.516537883731960834e-04 4.108076706455377055e-04 5.219669002854646772e-04 8.835705012508552475e-03
7.543435345962163458e-04 4.467748989832018335e-04 5.201613935173229984e-04 8.836434375203539027e-03
9.582877817906790101e-04 4.539963053821280273e-04 5.208514484303245753e-04 8.837163707472502766e-03
1.102820591770368400e-03 4.462004460120198553e-04 5.221669261682546255e-04 8.837918139923713404e-03
3.999785590656598669e-04 4.277319641779857035e-04 4.575084354349290782e-04 8.838703024559224283e-03
4.655323466202515993e-04 4.834127075990433909e-04 4.628086606041783928e-04 8.846863241808569644e-03
5.021472104372289372e-04 4.766992560918274563e-04 4.628907298864840783e-04 8.847145452933812687e-03
5.524985675225810213e-04 4.574445081961603854e-04 4.604416555602383284e-04 8.842478401865916382e-03
5.305886958501562735e-04 4.252295305866652655e-04 5.498973331325885013e-04 8.838201429281202989e-03
6.199006206682040583e-04 4.669793835514064176e-04 5.491801760034772245e-04 8.858069281361995867e-03
7.538642038289102704e-04 4.579445220146254871e-04 5.323698199650410542e-04 9.031972373671535645e-03
7.874107159502349677e-04 4.304504610707410219e-04 5.328387927855293867e-04 9.060565215355111807e-03
4.762528102341449473e-04 3.820994719119812826e-04 4.217957774201652808e-04 9.435681695964488747e-03
5.283518892863194255e-04 4.044339558851624142e-04 4.212147964144743496e-04 9.458241988539855052e-03
6.052787235578646662e-04 4.021017811804656695e-04 4.331885078210577066e-04 9.279423379423695772e-03
6.378493658360565553e-04 3.863117541737284269e-04 4.444566290116989298e-04 9.195495806479228595e-03
5.037794309429115529e-04 3.501180734022506518e-04 4.739139437367755362e-04 8.439415644486582616e-03
5.660057819040105725e-04 3.721653141683106008e-04 4.720994946058465892e-04 8.471098491200035330e-03
5.865575582372263303e-04 3.771654734124494854e-04 4.734798296436486058e-04 8.469954722346136056e-03
5.952636828136152834e-04 3.691317664740956456e-04 4.747657351894240272e-04 8.459194185374477662e-03
4.266888631915998409e-04 3.481824370061030655e-04 4.121634289296509704e-04 8.492180019872714800e-03
4.773253729765874554e-04 3.819206748472128363e-04 4.215718969023086950e-04 8.362098245540530717e-03
4.779560874909109759e-04 3.991123461758299415e-04 4.213714021745549720e-04 8.373539872439311055e-03
4.714996668385469528e-04 4.004577357878610910e-04 4.222595528576679816e-04 8.438297168988922667e-03
4.044451462603316670e-04 3.721940821288111925e-04 4.458528437206986123e-04 8.396793917953778580e-03
4.504522788698497957e-04 4.067426475424586489e-04 4.467962784512047574e-04 8.389103364749810401e-03
4.845712544015874624e-04 4.301764881719636778e-04 4.460807715317064272e-04 8.390506698748065317e-03
5.105039139171488154e-04 4.197169808558917246e-04 4.472985179221957981e-04 8.406667429973436675e-03
4.241572656651736552e-04 3.843816270189170849e-04 4.221265204639488926e-04 7.210503488555663858e-03
5.217340664959697980e-04 4.074018086087941785e-04 4.218411084292527204e-04 7.145256027937033766e-03
5.906807923632181184e-04 4.200953674393245675e-04 4.233140623090257703e-04 7.157353454921694044e-03
6.450204658702341550e-04 4.163894346579772275e-04 4.241878545123965749e-04 7.163838806843068549e-03
4.827804493474075181e-04 3.934004124292131443e-04 4.352862350443054227e-04 7.129394305561075409e-03
5.839793144917948976e-04 4.366109250042493400e-04 4.373342527970556387e-04 7.130037466623974363e-03
6.822160554779884431e-04 4.692151446005930412e-04 4.382257436250512248e-04 7.130917758548984547e-03
7.820465635217311228e-04 4.438825246848390228e-04 4.390136068336786095e-04 7.132417024487656965e-03
5.132719617077177330e-04 3.965779367106247099e-04 4.259599120177282711e-04 7.132514294410944797e-03
6.422421336140159099e-04 4.173523848493718917e-04 4.224123686693947023e-04 7.134672155371766557e-03
7.705055517844177412e-04 4.239026019673288836e-04 4.223077772298800860e-04 7.135372221732343492e-03
1.063073679049787203e-03 4.178318174169450222e-04 4.094582823490432568e-04 7.132815435756820199e-03
4.252850747142991649e-04 4.037858525436167413e-04 3.045988886220306682e-04 7.139781271772937914e-03
4.794411699897519223e-04 4.495922929207549408e-04 3.044379534456423831e-04 7.132965955218253246e-03
5.196929429340739048e-04 4.819132106419211610e-04 3.054855625772407400e-04 7.268224179873914587e-03
6.417492001947036400e-04 4.665816453726069016e-04 3.231671212675892501e-04 6.900931784213673939e-03
5.422400169786781602e-04 4.108120384633984104e-04 3.639473684734457560e-04 7.336866073203700961e-03
6.609527683689468344e-04 4.328736676458795683e-04 3.648667935173648125e-04 7.223985746449213680e-03
7.727178098571390544e-04 4.417386643845492796e-04 3.660044857895172429e-04 7.094069720006000723e-03
8.646286046540898078e-04 4.489056038428131936e-04 3.670552862775383249e-04 7.028768229322086836e-03
5.681770895514558824e-04 4.291653011765976739e-04 3.689869123838125653e-04 7.014191429564851921e-03
6.903174316756765117e-04 4.821111105264086288e-04 3.698692117561753578e-04 6.863908880783320572e-03
7.275866565112331904e-04 4.974994172525072731e-04 3.718244541396566898e-04 6.853030722809270309e-03
7.253033286545253113e-04 5.013252569228875350e-04 3.712656255810247168e-04 6.873391571040970982e-03
6.373122751958124402e-04 4.694948475886081738e-04 3.991143440326616262e-04 6.570154786059378971e-03
7.677384415513224293e-04 6.981759767516415799e-04 3.981099972040177720e-04 6.595919367456111980e-03
9.651305260553295299e-04 6.665291600055579715e-04 3.982176781229994030e-04 6.586739178000435013e-03
1.065678101750150214e-03 6.704737875202558105e-04 3.987318624678041394e-04 6.590814234517702527e-03
4.779152852185489003e-04 4.821339905904624542e-04 3.848245458508012728e-04 6.638751198563134712e-03
5.452424463669938584e-04 5.179835853846050109e-04 3.840491172731998540e-04 6.657261651188430690e-03
5.751698569496148340e-04 5.549980713986066598e-04 3.829486326842213993e-04 6.715750960732449690e-03
6.008345849151178197e-04 5.241669628200001149e-04 3.840832905690126598e-04 6.712072399574445063e-03
4.064797597402560673e-04 4.855640587878806117e-04 3.378246356427181177e-04 6.814264253736881764e-03
4.450612130475268993e-04 5.320190561953319196e-04 3.398108988957827467e-04 6.768341959352029008e-03
4.958960080889164828e-04 5.613342198172821366e-04 3.485783511425584935e-04 6.569428206591865563e-03
4.956157500085397885e-04 5.167408886106183725e-04 3.500899560568200715e-04 6.614500965094088566e-03
3.928625836523381640e-04 4.481526782043003380e-04 3.612692055345799154e-04 6.887941559340465293e-03
4.322733073503870569e-04 4.685848435580081389e-04 3.638029045351537935e-04 6.874378279375445086e-03
4.525169380695044825e-04 4.782240207160993756e-04 3.668990991593151568e-04 6.852906908591411932e-03
4.442922029339795107e-04 4.746503453686520433e-04 3.689685257249694802e-04 6.846167676049926334e-03
4.224475015390927570e-04 4.428393254778669819e-04 3.713452284598795709e-04 6.773462766556060007e-03
4.693382328366276076e-04 4.892829781501597825e-04 3.726533337386262780e-04 6.782564930599497242e-03
4.743093584709288458e-04 5.225610420211392266e-04 3.745214230993431596e-04 6.795563911716237353e-03
4.630865001906633339e-04 5.048436121584525546e-04 3.755714260777091385e-04 6.794584392824930784e-03
4.396180888379068300e-04 4.279847342945134999e-04 3.530119357008219176e-04 6.667293415209311729e-03
4.994741193450370764e-04 4.509001485730568617e-04 3.537468606393837588e-04 6.669546314072628303e-03
4.907351490750244162e-04 4.551846855855544438e-04 3.553752732068393727e-04 6.658126185628733193e-03
4.658337712754156285e-04 4.498047475952540860e-04 3.566201113730558896e-04 6.659170610629957902e-03
4.274473549407460269e-04 3.831216722264102178e-04 3.618194773002568129e-04 6.733374184345108926e-03
4.553418285652338421e-04 4.221700611335875365e-04 3.627687535559533344e-04 6.740829052950799392e-03
4.573091032642789995e-04 4.299508943780303103e-04 3.637381602700688154e-04 6.747949812173806121e-03
4.480230266682138371e-04 4.063045765357235859e-04 3.647523517574768046e-04 6.746003215510173491e-03
4.288921066518800894e-04 3.725927835376070698e-04 3.657711452288295913e-04 6.745275427777043184e-03
4.878657666697377646e-04 4.060957601610960506e-04 3.666614283420656525e-04 6.749062204011870882e-03
4.796812299441671453e-04 4.248305940042292235e-04 3.676941268060745995e-04 6.753808469062077408e-03
4.498526816410038836e-04 4.056609377292043610e-04 3.686035208769759992e-04 6.752995424070116180e-03
4.033924841697984678e-04 3.763637157157519110e-04 3.691032934388751609e-04 6.728805956291984865e-03
4.272598484200165162e-04 4.063424727301904625e-04 3.721793134344806697e-04 6.711507866355906522e-03
4.371358059041779813e-04 4.252953071607761567e-04 3.730513041990580364e-04 6.712410852038652558e-03
4.150045906609551097e-04 4.316137509298115130e-04 3.747683901282440957e-04 6.710098992057117288e-03
3.785632794204235943e-04 4.279442511634970990e-04 3.728566036150953757e-04 6.737605704161280309e-03
4.074332334533951926e-04 4.960111769347738848e-04 3.737772388714979358e-04 6.741976630582923770e-03
4.252076198223837767e-04 5.053877923612696329e-04 3.758293777629930291e-04 6.726153162019919522e-03
4.066386631109664921e-04 5.010368814125931453e-04 3.769253185120455827e-04 6.727186214177452266e-03
3.764521186610910917e-04 4.734498217529500559e-04 3.773857644266933784e-04 6.725110426255046306e-03
4.090530631715642135e-04 5.289981778302798318e-04 3.783809290561093264e-04 6.725497799661345373e-03
4.334683751909736171e-04 5.284072840223753321e-04 3.794177045998266750e-04 6.726576491301167887e-03
4.289409737020545826e-04 5.020218136339885898e-04 3.804157415389516038e-04 6.727971871444494815e-03
4.051828898982704407e-04 4.652686962549536665e-04 3.813832932979265857e-04 6.729277194389933492e-03
4.315432277787913237e-04 5.162768525927743501e-04 3.823940210009452167e-04 6.730702232561837708e-03
4.467678142990906542e-04 5.302954844034622923e-04 3.833736084181985841e-04 6.731953133291299594e-03
4.513991675240107285e-04 5.261918359708389571e-04 3.843519965529833705e-04 6.732590151837361363e-03
4.358378481938794528e-04 5.135286309269603824e-04 3.853115052171373831e-04 6.720357239990833349e-03
5.041768869233381094e-04 5.974682472322754298e-04 3.862879833055779901e-04 6.721354586144084355e-03
6.253123280171384545e-04 7.399191279571367633e-04 3.872656151867410394e-04 6.722353435801371041e-03
6.761861964553281951e-04 8.261705929580993825e-04 3.882455294801276640e-04 6.723353118638311469e-03
5.312149441332877312e-04 5.335057169375818746e-04 3.894222911705532168e-04 6.724353111392161741e-03
